"Jag talar och skriver svenska, engelska, norska och spanska"


Svenska:
01001010 01100001 01100111 00100000 01110100 01100001 01101100 01100001 01110010 00100000 01101111 01100011 01101000 00100000 01110011 01101011 01110010 01101001 01110110 01100101 01110010 00100000 01110011 01110110 01100101 01101110 01110011 01101011 01100001 00101100 00100000 01100101 01101110 01100111 01100101 01101100 01110011 01101011 01100001 00101100 00100000 01101110 01101111 01110010 01110011 01101011 01100001 00100000 01101111 01100011 01101000 00100000 01110011 01110000 01100001 01101110 01110011 01101011 01100001

Engelska:
01001001 00100000 01110011 01110000 01100101 01100001 01101011 00100000 01100001 01101110 01100100 00100000 01110111 01110010 01101001 01110100 01100101 00100000 01010011 01110111 01100101 01100100 01101001 01110011 01101000 00101100 00100000 01000101 01101110 01100111 01101100 01101001 01110011 01101000 00101100 00100000 01001110 01101111 01110010 01110111 01100101 01100111 01101001 01100001 01101110 00101100 00100000 01100001 01101110 01100100 00100000 01010011 01110000 01100001 01101110 01101001 01110011 01101000

Norska:
01001010 01100101 01100111 00100000 01110011 01101110 01100001 01101011 01101011 01100101 01110010 00100000 01101111 01100111 00100000 01110011 01101011 01110010 01101001 01110110 01100101 01110010 00100000 01110011 01110110 01100101 01101110 01110011 01101011 00101100 00100000 01100101 01101110 01100111 01100101 01101100 01110011 01101011 00101100 00100000 01101110 01101111 01110010 01110011 01101011 00100000 01101111 01100111 00100000 01110011 01110000 01100001 01101110 01110011 01101011

Spanska:
01001000 01100001 01100010 01101100 01101111 00100000 01111001 00100000 01100101 01110011 01100011 01110010 01101001 01100010 01101111 00100000 01110011 01110101 01100101 01100011 01101111 00101100 00100000 01101001 01101110 01100111 01101100 11101001 01110011 00101100 00100000 01101110 01101111 01110010 01110101 01100101 01100111 01101111 00100000 01111001 00100000 01100101 01110011 01110000 01100001 11110001 01101111 01101100